,xgb,rus1,rus5,rus10,rus15,iht1,iht5,iht10,iht15
xgb,1.0,0.929,0.926,0.943,0.982,0.759,0.674,0.94,0.938
rus1,0.929,1.0,0.899,0.906,0.936,0.651,0.75,0.858,0.92
rus5,0.926,0.899,1.0,0.986,0.95,0.571,0.614,0.929,0.876
rus10,0.943,0.906,0.986,1.0,0.979,0.64,0.677,0.963,0.902
rus15,0.982,0.936,0.95,0.979,1.0,0.736,0.714,0.968,0.943
iht1,0.759,0.651,0.571,0.64,0.736,1.0,0.547,0.778,0.778
iht5,0.674,0.75,0.614,0.677,0.714,0.547,1.0,0.687,0.751
iht10,0.94,0.858,0.929,0.963,0.968,0.778,0.687,1.0,0.938
iht15,0.938,0.92,0.876,0.902,0.943,0.778,0.751,0.938,1.0
