,xgb,rus1,rus5,rus10,rus15,iht1,iht5,iht10,iht15
xgb,1.0,0.94,0.931,0.984,0.868,0.788,0.848,0.931,0.845
rus1,0.94,1.0,0.991,0.961,0.952,0.852,0.72,0.831,0.892
rus5,0.931,0.991,1.0,0.961,0.943,0.825,0.683,0.808,0.883
rus10,0.984,0.961,0.961,1.0,0.922,0.836,0.781,0.913,0.899
rus15,0.868,0.952,0.943,0.922,1.0,0.943,0.646,0.805,0.968
iht1,0.788,0.852,0.825,0.836,0.943,1.0,0.573,0.812,0.972
iht5,0.848,0.72,0.683,0.781,0.646,0.573,1.0,0.769,0.596
iht10,0.931,0.831,0.808,0.913,0.805,0.812,0.769,1.0,0.839
iht15,0.845,0.892,0.883,0.899,0.968,0.972,0.596,0.839,1.0
