,xgb,rus1,rus5,rus10,rus15,iht1,iht5,iht10,iht15
xgb,1.0,0.899,0.897,0.954,0.97,0.479,0.624,0.973,0.959
rus1,0.899,1.0,0.903,0.901,0.931,0.67,0.589,0.858,0.966
rus5,0.897,0.903,1.0,0.97,0.921,0.539,0.615,0.834,0.924
rus10,0.954,0.901,0.97,1.0,0.975,0.506,0.572,0.901,0.956
rus15,0.97,0.931,0.921,0.975,1.0,0.54,0.536,0.933,0.988
iht1,0.479,0.67,0.539,0.506,0.54,1.0,0.697,0.501,0.613
iht5,0.624,0.589,0.615,0.572,0.536,0.697,1.0,0.694,0.593
iht10,0.973,0.858,0.834,0.901,0.933,0.501,0.694,1.0,0.933
iht15,0.959,0.966,0.924,0.956,0.988,0.613,0.593,0.933,1.0
