,xgb,rus1,rus5,rus10,rus15,iht1,iht5,iht10,iht15
xgb,1.0,0.844,0.832,0.835,0.806,-0.063,0.686,0.731,0.88
rus1,0.844,1.0,0.881,0.795,0.893,-0.034,0.443,0.533,0.795
rus5,0.832,0.881,1.0,0.803,0.851,0.056,0.601,0.619,0.763
rus10,0.835,0.795,0.803,1.0,0.913,-0.053,0.596,0.781,0.892
rus15,0.806,0.893,0.851,0.913,1.0,-0.106,0.528,0.691,0.868
iht1,-0.063,-0.034,0.056,-0.053,-0.106,1.0,0.336,-0.048,-0.046
iht5,0.686,0.443,0.601,0.596,0.528,0.336,1.0,0.795,0.673
iht10,0.731,0.533,0.619,0.781,0.691,-0.048,0.795,1.0,0.814
iht15,0.88,0.795,0.763,0.892,0.868,-0.046,0.673,0.814,1.0
