,xgb,rus1,rus5,rus10,rus15,iht1,iht5,iht10,iht15
xgb,1.0,0.144,0.719,0.852,0.931,0.573,0.698,0.483,0.683
rus1,0.144,1.0,0.021,0.148,0.083,-0.043,0.042,0.061,0.312
rus5,0.719,0.021,1.0,0.845,0.734,0.476,0.788,0.085,0.586
rus10,0.852,0.148,0.845,1.0,0.819,0.554,0.663,0.225,0.59
rus15,0.931,0.083,0.734,0.819,1.0,0.456,0.63,0.503,0.683
iht1,0.573,-0.043,0.476,0.554,0.456,1.0,0.556,0.084,0.564
iht5,0.698,0.042,0.788,0.663,0.63,0.556,1.0,0.193,0.741
iht10,0.483,0.061,0.085,0.225,0.503,0.084,0.193,1.0,0.382
iht15,0.683,0.312,0.586,0.59,0.683,0.564,0.741,0.382,1.0
